Iteration: 0
--------------------------------------
groupGenerator Matrix:
[0][70][0][0][0]
[70][0][0][0][0]
[0][0][0][0][0]
[0][0][0][0][0]
[0][0][0][0][0]
--------------------------------------
PoincareGroup Matrix:
[1.25517][0.758584][0][0][0]
[0.758584][1.25517][0][0][0]
[0][0][1][0][0]
[0][0][0][1][0]
[0][0][0][0][1]
--------------------------------------
PoincareGroup auxiliar Matrix:
[1.25517][0.758584][0][0][0]
[0.758584][1.25517][0][0][0]
[0][0][1][0][0]
[0][0][0][1][0]
[0][0][0][0][1]
--------------------------------------
Reference Change Matrix:
[1.25517][-0.758584][0][0]
[-0.758584][1.25517][0][0]
[0][0][1][0]
[0][0][0][1]

--------------------------------------
Position four-vector:
[0][-0.05][0][1]

--------------------------------------
Velocity four-vector:
[1.25517][0.758584][0][0]

--------------------------------------
Velocity Magnitude: 0.604368
--------------------------------------
Gamma: 1.25517
--------------------------------------
Proper Time Interval: 0.01
--------------------------------------
Extern Time Interval: 0.0125517
--------------------------------------

